 0  0  0  1  0  0 -0.00021 055.655
 0  0  2 -1  0  0 -0.00004 057.455
 0  1 -2  0  0  0  0.00004 063.555
 0  1  0  0 -1  0  0.00019 065.545
 0  1  0  0  0  0 -0.00375 065.555
 0  1  0  0  1  0 -0.00059 065.565
 0  1  0  0  2  0  0.00005 065.575
 0  2 -2  1  0  0 -0.00012 073.655
 0  2  0 -1  0  0 -0.00061 075.455
 0  2  0 -1  1  0 -0.00010 075.465
 0  3 -2  0  0  0 -0.00010 083.555
 0  3  0 -2  0  0 -0.00007 085.355
 0  3  0  0  0  0 -0.00030 085.555
 0  3  0  0  1  0 -0.00019 085.565
 0  3  0  0  2  0 -0.00004 085.575
 0  4  0 -1  0  0 -0.00008 095.455
 0  4  0 -1  1  0 -0.00005 095.465
 1 -4  0  2  0  0 -0.00006 115.755
 1 -4  2  0  0  0 -0.00006 117.555
 1 -3  0  1 -1  0 -0.00014 125.645
 1 -3  0  1  0  0 -0.00035 125.655
 1 -3  2 -1  0  0 -0.00007 127.455
 1 -2  0  0 -2  0 -0.00004 135.535
 1 -2  0  0 -1  0 -0.00050 135.545
 1 -2  0  0  0  0 -0.00128 135.555
 1 -2  0  2  0  0 -0.00008 135.755
 1 -2  2  0  0  0 -0.00011 137.555
 1 -1  0 -1  0  0  0.00007 145.455
 1 -1  0  1 -1  0  0.00010 145.645
 1 -1  0  1  0  0 -0.00065 145.655
 1 -1  0  1  0  0  0.00009 145.655
 1 -1  2 -1  0  0 -0.00013 147.455
 1  0  0  0 -1  0  0.00059 155.545
 1  0  0  0  0  0 -0.00399 155.555
 1  0  0  0  1  0  0.00052 155.565
 1  1 -2  1  0  0 -0.00004 163.655
 1  1  0 -1 -1  0  0.00003 165.445
 1  1  0 -1  0  0 -0.00022 165.455
 1  1  0 -1  1  0  0.00003 165.465
 1  1  0  1  0  0 -0.00008 165.655
 1  1  0  1  1  0 -0.00003 165.665
 1  2 -2  0  0  0 -0.00005 173.555
 1  2  0  0 -1  0  0.00005 175.545
 1  2  0  0  0  0 -0.00146 175.555
 1  2  0  0  1  0 -0.00059 175.565
 1  2  0  0  2  0 -0.00005 175.575
 1  3 -2  1  0  0 -0.00005 183.655
 1  3  0 -1  0  0 -0.00024 185.455
 1  3  0 -1  1  0 -0.00010 185.465
 1  4 -2  0  0  0 -0.00004 193.555
 1  4  0  0  0  0 -0.00005 195.555
 1  4  0  0  1  0 -0.00005 195.565
 2 -4  2  1  0  0 -0.00006 217.655
 2 -3  0  2  0  0 -0.00018 225.755
 2 -3  2  0 -1  0 -0.00003 227.545
 2 -3  2  0  0  0 -0.00018 227.555
 2 -2  0  1 -1  0 -0.00018 235.645
 2 -2  0  1  0  0 -0.00107 235.655
 2 -2  2 -1 -1  0 -0.00003 237.445
 2 -2  2 -1  0  0 -0.00020 237.455
 2 -1  0  0 -2  0  0.00003 245.535
 2 -1  0  0 -1  0 -0.00066 245.545
 2 -1  0  0  0  0 -0.00389 245.555
 2 -1  0  2  0  0  0.00007 245.755
 2 -1  2  0  0  0  0.00010 247.555
 2  0 -2  1  0  0  0.00005 253.655
 2  0  0 -1 -1  0  0.00004 255.445
 2  0  0 -1  0  0  0.00022 255.455
 2  0  0  1 -1  0 -0.00003 255.645
 2  0  0  1  0  0  0.00059 255.655
 2  0  0  1  1  0  0.00011 255.665
 2  0  2 -1  0  0  0.00011 257.455
 2  1  0  0 -1  0 -0.00021 265.545
 2  1  0  0  0  0  0.00359 265.555
 2  1  0  0  1  0  0.00068 265.565
 2  2 -2  1  0  0  0.00004 273.655
 2  2  0 -1  0  0  0.00019 275.455
 2  2  0 -1  1  0  0.00004 275.465
 2  3 -2  0  0  0  0.00004 283.555
 2  3  0  0  0  0  0.00033 285.555
 2  3  0  0  1  0  0.00021 285.565
 2  3  0  0  2  0  0.00004 285.575
 2  4  0 -1  0  0  0.00005 295.455
 3 -2  0  2  0  0  0.00037 335.755
 3 -2  2  0  0  0  0.00037 337.555
 3 -1  0  1 -1  0 -0.00012 345.645
 3 -1  0  1  0  0  0.00210 345.655
 3 -1  2 -1  0  0  0.00039 347.455
 3  0 -2  2  0  0 -0.00005 353.755
 3  0  0  0 -1  0 -0.00043 355.545
 3  0  0  0  0  0  0.00765 355.555
 3  1 -2  1  0  0 -0.00011 363.655
 3  1  0 -1  0  0 -0.00043 365.455
 3  1  0  1  0  0  0.00016 365.655
 3  1  0  1  1  0  0.00007 365.665
 3  2  0  0 -1  0 -0.00004 375.545
 3  2  0  0  0  0  0.00100 375.555
 3  2  0  0  1  0  0.00043 375.565
 3  2  0  0  2  0  0.00005 375.575
