 0  0  0  0  0  0 -0.31458 055.555
 0  0  0  0  1  0  0.02793 055.565
 0  0  0  0  2  0 -0.00028 055.575
 0  0  0  2  1  0  0.00004 055.765
 0  0  1  0 -1 -1 -0.00004 056.544
 0  0  1  0  0 -1 -0.00492 056.554
 0  0  1  0  0  1  0.00026 056.556
 0  0  1  0  1 -1  0.00005 056.564
 0  0  2 -2 -1  0  0.00002 057.345
 0  0  2 -2  0  0 -0.00032 057.355
 0  0  2  0  0  0 -0.03098 057.555
 0  0  2  0  0 -2 -0.00012 057.553
 0  0  2  0  1  0  0.00077 057.565
 0  0  2  0  2  0  0.00017 057.575
 0  0  3  0  0 -1 -0.00181 058.554
 0  0  3  0  1 -1  0.00003 058.564
 0  0  4  0  0 -2 -0.00007 059.553
 0  1 -3  1 -1  1  0.00002 062.646
 0  1 -3  1  0  1 -0.00029 062.656
 0  1 -3  1  1  1  0.00000 062.666
 0  1 -2 -1 -2  0  0.00002 063.435
 0  1 -2 -1 -1  0  0.00007 063.445
 0  1 -2  1 -1  0  0.00048 063.645
 0  1 -2  1  0  0 -0.00673 063.655
 0  1 -2  1  1  0  0.00044 063.665
 0  1 -1 -1 -1  1  0.00000 064.446
 0  1 -1 -1  0  1 -0.00022 064.456
 0  1 -1  0  0  0  0.00020 064.555
 0  1 -1  1  0 -1  0.00005 064.654
 0  1  0 -1 -2  0 -0.00003 065.435
 0  1  0 -1 -1  0  0.00231 065.445
 0  1  0 -1  0  0 -0.03518 065.455
 0  1  0 -1  1  0  0.00229 065.465
 0  1  0  1  0  0  0.00188 065.655
 0  1  0  1  1  0  0.00077 065.665
 0  1  0  1  2  0  0.00021 065.675
 0  1  1 -1  0 -1  0.00018 066.454
 0  1  2 -1  0  0  0.00049 067.455
 0  1  2 -1  1  0  0.00024 067.465
 0  1  2 -1  2  0  0.00004 067.475
 0  1  3 -1  0 -1  0.00002 068.454
 0  2 -4  2  0  0 -0.00011 071.755
 0  2 -3  0  0  1 -0.00038 072.556
 0  2 -3  0  1  1  0.00002 072.566
 0  2 -2  0 -1  0 -0.00042 073.545
 0  2 -2  0  0  0 -0.00583 073.555
 0  2 -2  0  1  0  0.00038 073.565
 0  2 -2  2  0  0  0.00004 073.755
 0  2 -1 -2  0  1 -0.00004 074.356
 0  2 -1 -1  0  0  0.00003 074.455
 0  2 -1  0  0 -1  0.00006 074.554
 0  2 -1  0  0  1 -0.00020 074.556
 0  2 -1  0  1  1 -0.00004 074.566
 0  2  0 -2 -1  0  0.00015 075.345
 0  2  0 -2  0  0 -0.00288 075.355
 0  2  0 -2  1  0  0.00019 075.365
 0  2  0  0  0  0 -0.06661 075.555
 0  2  0  0  1  0 -0.02762 075.565
 0  2  0  0  2  0 -0.00258 075.575
 0  2  0  0  3  0  0.00006 075.585
 0  2  1 -2  0 -1  0.00003 076.354
 0  2  1  0  0 -1  0.00023 076.554
 0  2  1  0  1 -1  0.00006 076.564
 0  2  2 -2  0  0  0.00020 077.355
 0  2  2 -2  1  0  0.00008 077.365
 0  2  2  0  2  0  0.00003 077.575
 0  3 -5  1  0  1 -0.00002 080.656
 0  3 -4  1  0  0 -0.00017 081.655
 0  3 -3 -1  0  1 -0.00007 082.456
 0  3 -3  1  0  1 -0.00011 082.656
 0  3 -3  1  1  1 -0.00004 082.666
 0  3 -2 -1 -1  0 -0.00009 083.445
 0  3 -2 -1  0  0 -0.00092 083.455
 0  3 -2 -1  1  0  0.00006 083.465
 0  3 -2  1  0  0 -0.00242 083.655
 0  3 -2  1  1  0 -0.00100 083.665
 0  3 -2  1  2  0 -0.00009 083.675
 0  3 -1 -1  0  1 -0.00013 084.456
 0  3 -1 -1  1  1 -0.00004 084.466
 0  3 -1  0  0  0  0.00007 084.555
 0  3 -1  0  1  0  0.00003 084.565
 0  3 -1  1  0 -1  0.00003 084.654
 0  3  0 -3  0  0 -0.00023 085.255
 0  3  0 -3  1 -1  0.00004 085.264
 0  3  0 -3  1  1  0.00004 085.266
 0  3  0 -1  0  0 -0.01276 085.455
 0  3  0 -1  1  0 -0.00529 085.465
 0  3  0 -1  2  0 -0.00052 085.475
 0  3  0  1  2  0  0.00005 085.675
 0  3  0  1  3  0  0.00002 085.685
 0  3  1 -1  0 -1  0.00011 086.454
 0  3  1 -1  1 -1  0.00004 086.464
 0  4 -4  0  0  0 -0.00008 091.555
 0  4 -4  2  0  0 -0.00006 091.755
 0  4 -4  2  1  0 -0.00003 091.765
 0  4 -3  0  0  1 -0.00014 092.556
 0  4 -3  0  1  1 -0.00006 092.566
 0  4 -2 -2  0  0 -0.00011 093.355
 0  4 -2  0  0  0 -0.00204 093.555
 0  4 -2  0  1  0 -0.00084 093.565
 0  4 -2  0  2  0 -0.00008 093.575
 0  4 -1 -2  0  1 -0.00003 094.356
 0  4 -1  0  0 -1  0.00003 094.554
 0  4  0 -2  0  0 -0.00169 095.355
 0  4  0 -2  1  0 -0.00070 095.365
 0  4  0 -2  2  0 -0.00007 095.375
 1 -4  0  3 -1  0 -0.00014 115.845
 1 -4  0  3  0  0 -0.00075 115.855
 1 -4  1  1  0  1  0.00004 116.656
 1 -4  2  1 -1  0 -0.00037 117.645
 1 -4  2  1  0  0 -0.00194 117.655
 1 -4  3  1  0 -1 -0.00015 118.654
 1 -4  4 -1 -1  0 -0.00007 119.445
 1 -4  4 -1  0  0 -0.00037 119.455
 1 -4  5 -1  0 -1 -0.00004 11X.454
 1 -3 -1  2  0  1  0.00009 124.756
 1 -3  0  0 -2  0  0.00004 125.535
 1 -3  0  2 -2  0  0.00002 125.735
 1 -3  0  2 -1  0 -0.00125 125.745
 1 -3  0  2  0  0 -0.00664 125.755
 1 -3  1  0  0  1  0.00011 126.556
 1 -3  1  1  0  0  0.00007 126.655
 1 -3  1  2  0 -1 -0.00010 126.754
 1 -3  2  0 -2  0  0.00004 127.535
 1 -3  2  0 -1  0 -0.00151 127.545
 1 -3  2  0  0  0 -0.00802 127.555
 1 -3  2  2  0  0  0.00007 127.755
 1 -3  3  0 -1 -1 -0.00010 128.544
 1 -3  3  0  0 -1 -0.00054 128.554
 1 -3  4 -2 -1  0 -0.00005 129.345
 1 -3  4 -2  0  0 -0.00024 129.355
 1 -3  4  0  0  0  0.00008 129.555
 1 -3  4  0  1  0 -0.00003 129.565
 1 -2 -2  1 -2  0  0.00004 133.635
 1 -2 -2  3  0  0  0.00016 133.855
 1 -2 -1  1 -1  1  0.00007 134.646
 1 -2 -1  1  0  1  0.00042 134.656
 1 -2  0 -1 -3  0  0.00004 135.425
 1 -2  0 -1 -2  0  0.00019 135.435
 1 -2  0  1 -2  0  0.00029 135.635
 1 -2  0  0  0  1 -0.00004 135.556
 1 -2  0  1 -1  0 -0.00947 135.645
 1 -2  0  1  0  0 -0.05019 135.655
 1 -2  0  3  0  0  0.00014 135.855
 1 -2  1 -1  0  1  0.00009 136.456
 1 -2  1  0 -1  0  0.00005 136.545
 1 -2  1  0  0  0  0.00027 136.555
 1 -2  1  1 -1 -1 -0.00008 136.644
 1 -2  1  1  0 -1 -0.00046 136.654
 1 -2  2 -1 -2  0  0.00005 137.435
 1 -2  2 -1 -1  0 -0.00180 137.445
 1 -2  2 -1  0  0 -0.00954 137.455
 1 -2  2  1  0  0  0.00055 137.655
 1 -2  2  1  1  0 -0.00017 137.665
 1 -2  3 -1 -1 -1 -0.00008 138.444
 1 -2  3 -1  0 -1 -0.00044 138.454
 1 -2  3  1  0 -1  0.00004 138.654
 1 -2  4 -1  0  0  0.00012 139.455
 1 -2 -2  0 -2  0  0.00011 133.535
 1 -1 -2  2 -1  0  0.00014 143.745
 1 -1 -2  2  0  0  0.00079 143.755
 1 -1 -1  0 -1  1  0.00011 144.546
 1 -1 -1  0  0  1  0.00090 144.556
 1 -1 -1  1  0  0 -0.00004 144.655
 1 -1  0  0 -2  0  0.00152 145.535
 1 -1  0  0 -1  0 -0.04945 145.545
 1 -1  0  0  0  0 -0.26216 145.555
 1 -1  0  2 -1  0 -0.00005 145.745
 1 -1  0  2  0  0  0.00170 145.755
 1 -1  0  2  1  0  0.00028 145.765
 1 -1  1  0 -1 -1 -0.00008 146.544
 1 -1  1  0  0 -1 -0.00076 146.554
 1 -1  2 -2  0  0  0.00015 147.355
 1 -1  2  0 -1  0 -0.00010 147.545
 1 -1  2  0  0  0  0.00343 147.555
 1 -1  2  0  1  0 -0.00075 147.565
 1 -1  2  0  2  0 -0.00005 147.575
 1 -1  3  0  0 -1  0.00023 148.554
 1 -1  4 -2  0  0  0.00006 149.355
 1  0 -3  1  0  1  0.00009 152.656
 1  0 -2  1 -1  0  0.00044 153.645
 1  0 -2  1  0  0  0.00194 153.655
 1  0 -1  0  0  0 -0.00004 154.555
 1  0 -1  1  0  1 -0.00010 154.656
 1  0  0 -1 -2  0 -0.00012 155.435
 1  0  0 -1 -1  0  0.00137 155.445
 1  0  0 -1  0  0  0.00741 155.455
 1  0  0  1 -1  0 -0.00059 155.645
 1  0  0  1  0  0  0.02062 155.655
 1  0  0  1  1  0  0.00414 155.665
 1  0  0  1  2  0 -0.00011 155.675
 1  0  1  0  0  0 -0.00012 156.555
 1  0  1  1  0 -1  0.00013 156.654
 1  0  2 -1 -1  0 -0.00011 157.445
 1  0  2 -1  0  0  0.00394 157.455
 1  0  2 -1  1  0  0.00087 157.465
 1  0  3 -1  0 -1  0.00017 158.454
 1  0  3 -1  1 -1  0.00004 158.464
 1  1 -4  0  0  2 -0.00029 161.557
 1  1 -3  0 -1  1  0.00006 162.546
 1  1 -3  0  0  1 -0.00713 162.556
 1  1 -2  0 -2  0 -0.00010 163.535
 1  1 -2  0 -1  0  0.00137 163.545
 1  1 -2  0  0  0 -0.12201 163.555
 1  1 -2  0  0  2  0.00005 163.557
 1  1 -2  2  0  0  0.00018 163.755
 1  1 -2  2  1  0  0.00004 163.765
 1  1 -1  0  0 -1  0.00102 164.554
 1  1 -1  0  0  1  0.00289 164.556
 1  1 -1  0  1  1 -0.00008 164.566
 1  1  0 -2 -1  0  0.00007 165.345
 1  1  0  0 -2  0  0.00005 165.535
 1  1  0  0 -1  0 -0.00623 165.545
 1  1  0  0  0  0  0.31484 165.555
 1  1  0  0  1  0  0.04270 165.565
 1  1  0  0  2  0 -0.00108 165.575
 1  1  1  0  0 -1  0.00293 166.554
 1  1  1  0  1 -1  0.00005 166.564
 1  1  2 -2  0  0  0.00018 167.355
 1  1  2 -2  1  0  0.00005 167.365
 1  1  2  0  0 -2  0.00007 167.553
 1  1  2  0  0  0  0.00525 167.555
 1  1  2  0  1  0 -0.00020 167.565
 1  1  2  0  2  0 -0.00010 167.575
 1  1  3  0  0 -1  0.00031 168.554
 1  2 -3  1  0  1  0.00017 172.656
 1  2 -2 -1 -1  0  0.00012 173.445
 1  2 -2  1 -1  0 -0.00012 173.645
 1  2 -2  1  0  0  0.00395 173.655
 1  2 -2  1  1  0  0.00078 173.665
 1  2 -1 -1  0  1  0.00012 174.456
 1  2 -1  0  0  0 -0.00012 174.555
 1  2  0 -1 -1  0 -0.00060 175.445
 1  2  0 -1  0  0  0.02062 175.455
 1  2  0 -1  1  0  0.00409 175.465
 1  2  0 -1  2  0 -0.00005 175.475
 1  2  0  1  0  0 -0.00032 175.655
 1  2  0  1  1  0 -0.00020 175.665
 1  2  0  1  2  0 -0.00012 175.675
 1  2  1 -1  0 -1 -0.00011 176.454
 1  2  2 -1  0  0 -0.00008 177.455
 1  2  2 -1  1  0 -0.00006 177.465
 1  3 -4  2  0  0  0.00006 181.755
 1  3 -3  0  0  1  0.00023 182.556
 1  3 -3  0  1  1  0.00004 182.566
 1  3 -2  0 -1  0  0.00011 183.545
 1  3 -2  0  0  0  0.00342 183.555
 1  3 -2  0  1  0  0.00067 183.565
 1  3 -1  0  0 -1 -0.00007 184.554
 1  3  0 -2 -1  0 -0.00004 185.345
 1  3  0 -2  0  0  0.00169 185.355
 1  3  0 -2  1  0  0.00034 185.365
 1  3  0  0  0  0  0.01129 185.555
 1  3  0  0  1  0  0.00723 185.565
 1  3  0  0  2  0  0.00151 185.575
 1  3  0  0  3  0  0.00010 185.585
 1  3  1  0  0 -1 -0.00004 186.554
 1  4 -4  1  0  0  0.00010 191.655
 1  4 -3 -1  0  1  0.00004 192.456
 1  4 -2 -1  0  0  0.00054 193.455
 1  4 -2 -1  1  0  0.00011 193.465
 1  4 -2  1  0  0  0.00041 193.655
 1  4 -2  1  1  0  0.00026 193.665
 1  4 -2  1  2  0  0.00005 193.675
 1  4  0 -3  0  0  0.00013 195.255
 1  4  0 -1  0  0  0.00216 195.455
 1  4  0 -1  1  0  0.00138 195.465
 1  4  0 -1  2  0  0.00029 195.475
 2 -4  0  4  0  0  0.00019 215.955
 2 -4  2  2  0  0  0.00078 217.755
 2 -4  3  2  0 -1  0.00006 218.754
 2 -4  4  0  0  0  0.00048 219.555
 2 -4  5  0  0 -1  0.00006 21X.554
 2 -3  0  3 -1  0 -0.00007 225.845
 2 -3  0  3  0  0  0.00180 225.855
 2 -3  1  1  0  1 -0.00009 226.656
 2 -3  1  3  0 -1  0.00004 226.854
 2 -3  2  1 -1  0 -0.00017 227.645
 2 -3  2  1  0  0  0.00467 227.655
 2 -3  3  1  0 -1  0.00036 228.654
 2 -3  4 -1 -1  0 -0.00003 229.445
 2 -3  4 -1  0  0  0.00090 229.455
 2 -3  5 -1  0 -1  0.00010 22X.454
 2 -2 -2  4  0  0 -0.00006 233.955
 2 -2 -1  2  0  1 -0.00022 234.756
 2 -2  0  0 -2  0 -0.00010 235.535
 2 -2  0  2 -1  0 -0.00060 235.745
 2 -2  0  2  0  0  0.01601 235.755
 2 -2  1  0  0  1 -0.00027 236.556
 2 -2  1  1  0  0 -0.00017 236.655
 2 -2  1  2  0 -1  0.00025 236.754
 2 -2  2  0 -1  0 -0.00072 237.545
 2 -2  2  0  0  0  0.01932 237.555
 2 -2  3 -1  0  0 -0.00004 238.455
 2 -2  3  0 -1 -1 -0.00005 238.544
 2 -2  3  0  0 -1  0.00130 238.554
 2 -2  4 -2  0  0  0.00059 239.355
 2 -2  4  0  0 -2  0.00005 239.553
 2 -2  5 -2  0 -1  0.00005 23X.354
 2 -1 -2  1 -2  0 -0.00010 243.635
 2 -1 -2  3  0  0 -0.00039 243.855
 2 -1 -1  1 -1  1  0.00003 244.646
 2 -1 -1  1  0  1 -0.00102 244.656
 2 -1  0 -1 -2  0 -0.00047 245.435
 2 -1  0  1 -2  0  0.00007 245.635
 2 -1  0  0  0  1  0.00010 245.556
 2 -1  0  1 -1  0 -0.00451 245.645
 2 -1  0  1  0  0  0.12099 245.655
 2 -1  1 -1  0  1 -0.00022 246.456
 2 -1  1  0  0  0 -0.00065 246.555
 2 -1  1  1 -1 -1 -0.00004 246.644
 2 -1  1  1  0 -1  0.00113 246.654
 2 -1  2 -1 -1  0 -0.00086 247.445
 2 -1  2 -1  0  0  0.02298 247.455
 2 -1  2  1  0  0  0.00010 247.655
 2 -1  2  1  1  0 -0.00008 247.665
 2 -1  3 -1 -1 -1 -0.00004 248.444
 2 -1  3 -1  0 -1  0.00106 248.454
 2  0 -3  2  0  1 -0.00008 252.756
 2  0 -2  0 -2  0 -0.00028 253.535
 2  0 -2  2 -1  0  0.00007 253.745
 2  0 -2  2  0  0 -0.00190 253.755
 2  0 -1  0 -1  1  0.00005 254.546
 2  0 -1  0  0  1 -0.00218 254.556
 2  0 -1  1  0  0  0.00009 254.655
 2  0  0  0 -2  0  0.00033 255.535
 2  0  0  0 -1  0 -0.02358 255.545
 2  0  0  0  0  0  0.63194 255.555
 2  0  0  2  0  0  0.00037 255.755
 2  0  0  2  1  0  0.00013 255.765
 2  0  1  0 -1 -1 -0.00004 256.544
 2  0  1  0  0 -1  0.00192 256.554
 2  0  2 -2  0  0 -0.00036 257.355
 2  0  2  0  0  0  0.00072 257.555
 2  0  2  0  1  0 -0.00036 257.565
 2  0  2  0  2  0  0.00012 257.575
 2  0  3  0  0 -1  0.00005 258.554
 2  1 -3  1  0  1 -0.00022 262.656
 2  1 -2  1 -1  0  0.00021 263.645
 2  1 -2  1  0  0 -0.00466 263.655
 2  1 -1 -1  0  1 -0.00007 264.456
 2  1 -1  0  0  0  0.00011 264.555
 2  1  0 -1 -1  0  0.00066 265.445
 2  1  0 -1  0  0 -0.01786 265.455
 2  1  0  1 -1  0 -0.00008 265.645
 2  1  0  1  0  0  0.00447 265.655
 2  1  0  1  1  0  0.00197 265.665
 2  1  0  1  2  0  0.00028 265.675
 2  1  2 -1  0  0  0.00086 267.455
 2  1  2 -1  1  0  0.00041 267.465
 2  1  2 -1  2  0  0.00005 267.475
 2  2 -4  0  0  2  0.00070 271.557
 2  2 -3  0  0  1  0.01718 272.556
 2  2 -2  0 -1  0  0.00066 273.545
 2  2 -2  0  0  0  0.29402 273.555
 2  2 -2  2  0  0  0.00004 273.755
 2  2 -1  0  0 -1 -0.00246 274.554
 2  2 -1  0  0  1  0.00062 274.556
 2  2 -1  0  1  1 -0.00004 274.566
 2  2  0  0 -1  0 -0.00102 275.545
 2  2  0  0  0  0  0.07993 275.555
 2  2  0  0  1  0  0.02383 275.565
 2  2  0  0  2  0  0.00259 275.575
 2  2  1  0  0 -1  0.00063 276.554
 2  2  2 -2  0  0  0.00004 277.355
 2  2  2  0  0  0  0.00053 277.555
 2  3 -3  1  0  1  0.00004 282.656
 2  3 -2 -1 -1  0  0.00006 283.445
 2  3 -2 -1  0  0  0.00004 283.455
 2  3 -2  1  0  0  0.00086 283.655
 2  3 -2  1  1  0  0.00037 283.665
 2  3 -2  1  2  0  0.00004 283.675
 2  3  0 -1 -1  0 -0.00009 285.445
 2  3  0 -1  0  0  0.00447 285.455
 2  3  0 -1  1  0  0.00195 285.465
 2  3  0 -1  2  0  0.00022 285.475
 2  3  0  1  0  1 -0.00003 285.656
 2  4 -3  0  0  0  0.00005 292.555
 2  4 -2  0  0  0  0.00074 293.555
 2  4 -2  0  1  0  0.00032 293.565
 2  4 -2  0  2  0  0.00003 293.575
 2  4  0 -2  0  0  0.00037 295.355
 2  4  0 -2  1  0  0.00016 295.365
 2  4  0  0  0  0  0.00117 295.555
 2  4  0  0  1  0  0.00101 295.565
 2  4  0  0  2  0  0.00033 295.575
 2  4  0  0  3  0  0.00005 295.585
